=== handwriting.pdf  OCR Output (PSM 6) ===
Image size : 2550x3347 px  |  DPI: 300
Characters : 81 boxes detected

--- Full character sequence ---
thequickbrownfoxjumpsoverthelazydogTHEQUICkBROWNFOXJUMPSOVERTHELAZYDOG1234567890¢

--- Per-character detail (top-left-origin coords) ---
  CHAR    LEFT   TOP RIGHT BOTTOM     W     H
  ---------------------------------------------
  't'      143    94   168   144    25    50
  'h'      170    93   191   139    21    46
  'e'      193   111   214   140    21    29
  'q'      253   112   289   166    36    54
  'u'      283   111   303   140    20    29
  'i'      305   100   312   136     7    36
  'c'      319   109   335   134    16    25
  'k'      340    89   363   142    23    53
  'b'      393    99   414   142    21    43
  'r'      418   114   434   144    16    30
  'o'      437   117   458   143    21    26
  'w'      460   114   487   140    27    26
  'n'      489   112   512   142    23    30
  'f'      540    99   567   142    27    43
  'o'      558   118   581   139    23    21
  'x'      580   115   600   140    20    25
  'j'      632   105   651   159    19    54
  'u'      655   115   672   139    17    24
  'm'      674   112   697   142    23    30
  'p'      696   114   731   159    35    45
  's'      715   105   731   159    16    54
  'o'      754   118   774   139    20    21
  'v'      779   113   792   140    13    27
  'e'      793   114   810   140    17    26
  'r'      812   113   830   137    18    24
  't'      862   100   879   142    17    42
  'h'      862   100   897   140    35    40
  'e'      900   114   918   142    18    28
  'l'      954   105   962   143     8    38
  'a'      964   115   985   138    21    23
  'z'      985   114  1004   141    19    27
  'y'     1006   117  1025   155    19    38
  'd'     1054   100  1077   144    23    44
  'o'     1080   119  1099   141    19    22
  'g'     1098   117  1123   157    25    40
  'T'      133   251   154   294    21    43
  'H'      161   252   180   288    19    36
  'E'      187   250   207   289    20    39
  'Q'      228   254   257   297    29    43
  'U'      263   255   284   292    21    37
  'I'      286   250   306   293    20    43
  'C'      311   253   329   291    18    38
  'k'      329   252   347   290    18    38
  'B'      373   250   395   294    22    44
  'R'      396   248   417   291    21    43
  'O'      418   253   439   286    21    33
  'W'      441   249   467   284    26    35
  'N'      470   246   494   286    24    40
  'F'      530   250   547   291    17    41
  'O'      552   251   574   286    22    35
  'X'      578   253   599   287    21    34
  'J'      621   251   640   288    19    37
  'U'      644   251   662   286    18    35
  'M'      664   249   688   286    24    37
  'P'      690   249   708   287    18    38
  'S'      710   253   727   287    17    34
  'O'      758   255   780   290    22    35
  'V'      780   257   799   288    19    31
  'E'      801   257   819   288    18    31
  'R'      822   255   842   287    20    32
  'T'      859   255   892   290    33    35
  'H'      876   255   897   290    21    35
  'E'      895   256   914   289    19    33
  'L'      937   256   952   294    15    38
  'A'      956   255   972   287    16    32
  'Z'      974   257   994   287    20    30
  'Y'      999   255  1018   286    19    31
  'D'     1043   258  1063   291    20    33
  'O'     1065   258  1086   290    21    32
  'G'     1086   259  1109   292    23    33
  '1'      136   414   143   442     7    28
  '2'      163   411   178   440    15    29
  '3'      201   409   215   440    14    31
  '4'      234   410   251   441    17    31
  '5'      269   407   286   444    17    37
  '6'      304   408   320   443    16    35
  '7'      338   411   355   442    17    31
  '8'      372   406   392   443    20    37
  '9'      410   407   427   442    17    35
  '0'      455   412   474   444    19    32
  '¢'      518   403   542   451    24    48